7035 15 3584
2295 20 2312
7777 15 2643
3982 15 3980
7681 20 7706
4224 15 1711
1189 15 4820
4207 15 459
4520 20 2647
596 15 1056
2444 15 1758
3091 15 1161
4809 20 2511
5375 20 1356
5539 15 5401
1153 20 2503
7753 20 1859
2556 20 2598
721 20 606
885 15 873
3097 15 1943
5782 20 4108
1268 15 4643
2303 15 2298
4405 15 6259
4287 15 4280
5054 15 3766
710 20 3828
1948 20 4447
4143 20 4142
859 20 811
2535 15 5005
4329 20 4331
4996 20 5548
7465 15 7460
4256 20 4258
808 20 7
86 15 82
4898 15 1025
562 20 415
344 15 5098
218 15 1245
4332 15 4331
2006 20 2007
470 20 4077
6888 20 3
6259 20 4405
3687 15 68
1712 20 1229
1659 15 343
415 15 562
6075 15 6458
3136 15 5395
6143 20 6947
5087 15 5086
510 15 6470
2561 15 2530
2341 20 5842
4338 15 4337
1504 15 4287
1909 20 862
732 15 734
31 15 1365
728 15 630
1926 20 1091
4960 20 5245
1504 20 4281
4265 20 4293
5265 20 5108
3051 15 1672
243 20 249
4281 20 4279
2054 15 3086
4335 20 4336
6152 20 7775
5015 20 839
4378 15 7994
265 15 263
1637 15 5341
7301 15 3519
869 15 914
4108 15 5782
4808 15 2004
28 20 5416
3051 20 2108
415 20 827
4296 15 4294
459 20 4207
3017 20 2074
5245 15 4960
421 20 2552
1925 15 5416
2726 20 5775
4255 15 3539
6018 15 6019
869 20 6280
6908 20 2009
2695 20 3524
1083 15 1053
5989 20 6994
3321 15 1741
2199 20 7169
5339 20 211
956 15 929
2218 15 2217
1704 15 6640
249 15 243
2656 15 24
1282 20 1617
1897 20 1898
7392 15 3154
7208 20 1775
233 20 251
4406 15 4368
190 20 191
1852 15 2710
5217 20 7538
7902 20 1981
7155 15 1675
1037 15 5239
4958 20 3802
7614 20 4335
7556 15 754
1506 15 1200
6077 20 3529
240 15 209
2364 15 4663
6194 15 4915
4 15 4
734 15 610
1236 20 7295
3631 15 3619
2442 15 3337
1199 15 1201
121 15 91
4392 15 4378
4271 15 4264
5108 15 5265
779 15 4884
7469 20 301
1403 20 1269
3197 20 1947
3614 15 2664
5239 20 1037
7883 15 7882
705 15 3951
3354 20 7975
3998 15 725
3796 20 60
4367 15 4366
5468 20 5552
5915 20 7771
1500 15 1475
4381 15 4384
724 15 2294
7686 15 1904
415 18 415
1025 20 4898
7637 20 7139
7372 20 1986
630 20 728
1827 15 1392
5008 20 2989
6077 15 2365
3111 15 5506
4309 20 4344
4344 15 4309
5245 20 1612
3802 20 3795
848 20 1192
1166 20 421
2884 15 570
121 20 6919
823 20 1161
1941 15 321
6056 15 6048
2944 20 2946
187 15 186
4820 15 4812
6994 15 5989
4812 15 3965
892 15 414
4851 15 6502
4654 20 6125
660 15 1628
7086 20 4370
1432 20 6130
1056 15 1049
1667 20 1668
186 20 187
1806 15 2125
7558 20 2086
4490 20 1706
2608 20 2305
2445 15 2444
983 15 956
2281 15 4212
2339 20 3324
862 15 1909
989 20 6882
5330 20 4479
1868 15 3025
3100 15 3091
302 20 4374
4286 20 6259
321 20 1941
1914 20 4230
4401 15 732
4012 15 250
3368 15 2442
6281 20 6286
3015 20 4274
663 20 2871
4212 15 4211
3069 20 3075
2327 20 3906
6502 15 5553
2744 15 3580
4915 20 6194
7340 20 7355
6262 15 6258
3091 20 3100
6441 15 311
1558 15 1559
7723 15 4028
4162 15 4899
5287 15 5286
189 20 193
6717 15 2529
6743 15 458
4880 15 5287
929 20 956
2960 15 7213
1859 15 7753
928 20 935
4603 20 1312
341 15 3730
4502 15 4941
2312 15 2295
1000 20 562
1866 20 1942
4941 20 4502
1250 20 3951
4324 15 4293
1926 15 286
2009 15 6908
7994 20 4378
6882 15 989
4280 20 4287
3073 20 3074
7641 15 7642
2932 20 2939
7193 15 2177
7882 20 7883
1070 20 1074
5270 20 5424
4349 15 4296
7770 20 5916
3645 15 7618
4479 15 5330
5292 20 2617
3266 20 1921
4384 20 4381
4286 15 4224
3129 20 4403
23 15 0
7172 20 4427
517 15 7786
1617 15 1282
385 20 4915
4339 15 4338
7213 20 2960
4107 15 4106
313 15 305
324 15 813
350 15 7735
5184 20 3888
4106 15 4104
4368 20 4406
1356 15 5375
1948 15 3092
5447 15 4929
1356 20 3144
3101 20 2713
914 20 869
1861 15 1862
4282 15 7276
343 20 1659
7961 20 796
1161 15 823
882 20 883
2635 20 2643
3657 15 1013
3750 20 2709
7392 20 7393
4361 20 2612
2552 20 1929
6030 15 6994
5276 20 4028
7735 20 350
5401 20 5539
7544 15 4387
606 15 721
3 15 6888
2217 20 2218
582 20 2888
5322 20 7590
724 20 7561
31 20 1147
5328 20 5378
6137 15 6119
198 15 191
4309 15 4271
2529 15 2516
4360 15 4359
5111 20 6818
5244 20 1347
286 20 1926
3154 20 7392
5381 15 3669
253 20 823
7538 15 5217
7004 15 7659
3619 20 3631
6125 20 2077
3025 20 1868
3664 15 3667
211 15 5339
3585 15 7169
1672 15 1671
3136 20 1875
1986 15 7372
2617 20 2635
1743 15 1748
6732 15 7609
3596 20 7772
4161 20 323
2053 20 3520
7618 20 3645
6549 20 6562
3097 20 3101
7659 20 7004
2082 15 5203
296 20 747
7166 20 420
610 20 734
1668 15 1667
813 20 324
7700 20 2893
4893 20 4894
7614 15 4334
1312 15 4603
1628 20 660
7295 15 1236
2160 20 7356
91 20 121
3795 15 3802
1990 20 6048
2314 15 2663
5114 20 5098
159 20 168
3151 20 4474
6499 15 329
4373 20 377
4705 15 4458
1161 20 3091
1943 15 1942
7175 15 6245
240 20 242
7377 15 1851
4833 20 2621
7460 15 4187
5638 15 3026
850 20 851
1062 15 279
1083 20 1139
6125 15 4654
1728 15 621
82 20 86
1139 15 1083
613 15 592
2635 15 2617
6451 15 5073
3524 15 2695
2305 15 2608
1392 20 1827
3828 15 710
81 20 87
1021 15 2503
379 20 2642
2516 20 2529
1244 15 1243
4919 20 2957
2365 20 6077
2733 20 5623
19 20 735
187 20 192
1875 15 3136
935 15 928
7902 15 1359
6562 15 6549
6331 20 6152
1942 20 1943
1898 15 1897
7276 20 4282
712 15 5548
884 20 875
903 15 895
3007 20 4790
5767 20 120
6083 20 6084
3519 20 7301
19 15 1147
1077 15 313
2604 15 317
5287 20 4880
827 15 415
873 20 885
3994 15 2057
3196 15 2152
709 15 780
5587 18 5587
1942 15 1866
4370 20 729
68 20 3687
948 15 947
1950 15 416
311 20 6441
4279 15 4281
6123 15 6116
4486 20 7424
1365 20 31
4367 20 4371
951 20 952
1481 15 1480
7561 15 724
4106 20 4107
1671 20 1672
7931 15 860
95 15 87
6203 15 6919
709 20 1674
6994 20 6030
1192 20 7939
4230 15 1914
3502 15 3501
2663 20 2314
1244 20 5598
823 15 253
236 15 6981
6640 20 1704
827 20 545
4244 20 4284
5548 20 712
7882 15 7884
2547 20 5292
3649 15 3648
434 15 5449
7140 15 5772
2298 20 2303
1165 20 300
3823 20 1063
1147 20 19
1785 20 795
6919 15 121
6654 20 3488
1388 20 237
4884 15 2399
1413 15 5582
3796 15 7294
251 15 233
5587 16 5587
222 20 264
2694 20 3405
7642 20 7641
4374 15 302
3659 15 4728
329 20 6499
4366 20 4367
4327 20 4333
1868 20 738
5548 15 4996
4663 20 2364
4294 20 4296
938 20 958
7590 15 5322
1201 20 1199
3603 20 2271
613 20 742
375 20 4387
1345 20 2181
264 15 222
5203 20 2082
1775 15 7208
87 20 95
2713 20 2993
458 20 6743
1118 20 1132
2513 20 1723
4731 15 6054
1113 20 4659
2454 15 211
3494 20 1917
2529 20 6717
4328 15 2321
193 15 189
6327 15 6322
1199 20 1198
1706 15 4490
3677 15 7939
6583 15 3613
2822 15 4284
891 20 929
1091 15 1926
1073 15 3772
7140 20 6452
24 20 2656
2957 15 4919
5830 15 2000
7148 20 4847
7412 20 570
1450 20 1461
738 15 1868
5775 15 2726
2299 15 1929
1070 15 4381
5098 15 5114
6280 15 869
4292 20 4345
5286 20 5287
4258 15 4256
2888 15 582
2206 15 2201
5553 15 5552
111 15 2009
4387 20 7544
1723 15 2513
1981 15 7902
1616 20 2199
3998 20 4850
4361 15 4360
2643 20 7777
4247 15 4230
4812 20 4820
68 15 69
1198 15 1199
1483 20 1480
7417 20 7428
4285 20 7097
120 15 5767
5553 20 6502
7428 15 7417
2324 20 1830
3157 20 3979
5098 20 344
679 15 7636
4899 20 4162
4578 15 4578
735 15 19
875 15 884
1192 15 848
4333 15 4327
732 20 4401
191 15 190
2454 20 2531
1133 15 1132
738 20 5341
350 20 1990
7939 15 1192
4405 20 4237
6245 20 7175
1480 15 1483
7769 20 6331
7599 20 5113
60 20 5772
534 20 718
3494 15 4502
5319 15 7520
7786 20 517
2338 20 2337
4142 15 4143
2125 20 1806
725 20 3998
5582 20 1413
6326 15 1747
5842 15 2341
7870 20 2030
6019 20 6018
4336 15 4335
1921 20 6490
1738 20 6744
1990 15 350
263 20 265
344 20 5115
2642 15 379
2007 15 2006
6818 15 5111
1389 15 781
1830 15 2324
2893 15 7700
4336 20 4337
4543 15 3316
4028 20 7723
16 15 6052
1065 15 1999
6203 20 2399
2643 15 2635
7884 20 7882
6242 20 6243
2556 15 2511
6280 20 3530
3537 20 1905
4084 15 2539
3530 15 6280
4230 20 4247
2970 15 1474
4360 20 4361
4075 20 4079
4225 15 4245
6732 20 1364
3081 20 1877
6409 15 6407
2000 20 5830
4054 20 6066
2939 15 2932
7276 15 4279
4296 20 4349
323 15 4161
1049 15 1041
3906 15 2327
1921 15 3266
7393 15 7392
5598 15 1244
202 20 275
1475 20 1500
7520 20 5319
4213 20 6450
3539 20 4255
850 15 5775
7424 15 4486
6084 15 6083
2946 20 1450
6451 20 6473
2074 15 3017
851 15 850
6116 20 6123
4659 15 1113
763 20 764
1741 20 3321
1674 15 709
6286 15 6281
2211 15 1364
2685 20 4646
1461 15 1450
7543 15 7193
1449 20 3297
4237 15 4405
1775 20 1776
2184 20 2022
6583 20 4075
764 15 763
2531 15 2454
1364 15 6732
748 15 606
3730 20 341
2612 15 4361
6054 20 4731
5341 15 738
2539 20 4084
5626 20 3986
2288 15 1732
7540 15 7525
209 20 240
1999 20 1065
1612 15 5245
1132 15 1118
3092 20 1948
4118 20 3218
4293 15 4265
2080 15 4392
1776 20 1200
3026 20 5638
781 20 1389
377 15 4373
4284 20 2822
592 20 613
2779 20 749
1245 20 218
6749 15 307
2530 20 2561
6331 15 7769
6015 15 6017
1053 20 1083
4261 20 7464
4264 20 4271
3095 20 5506
4394 15 2522
621 20 1728
1342 20 1323
2271 15 3603
3144 15 1356
1063 15 3823
1732 20 2288
69 20 68
242 15 240
4238 20 4283
7271 20 2719
944 15 942
1041 20 1049
4915 15 385
2503 15 1153
2647 15 4520
7098 15 1100
4283 15 4238
4929 20 5447
912 20 891
1862 20 1861
747 15 296
2608 15 2299
5277 20 4547
2299 20 2608
7460 20 7465
5772 15 60
951 15 950
2598 15 2556
7609 20 6732
4187 20 7460
3802 15 4958
3405 15 2694
5073 20 6451
2399 20 4884
4371 15 4367
4547 15 5277
1229 15 1712
1269 15 1403
3236 20 3959
2664 20 3614
7723 20 5277
5916 15 7770
754 20 7556
3669 20 5381
3959 15 3236
1308 20 2291
3986 15 5626
4245 20 4225
4075 15 6583
1474 20 2970
1347 15 5244
5269 15 1027
5416 20 1925
1943 20 3097
2009 20 111
7706 15 7681
6262 20 6274
1132 20 1133
736 20 4076
1947 15 3197
5506 20 3111
4338 20 4339
6361 15 1696
317 20 2604
5488 15 7212
2181 15 1345
4884 20 779
2503 20 1021
7294 20 3796
5115 15 344
3979 15 3157
4018 20 4457
4337 20 4338
2392 15 3821
6152 15 6331
6274 15 6262
747 20 2783
3072 20 7274
1276 20 3086
3520 15 2053
5292 15 2547
2152 20 3196
4728 20 3659
1929 15 2552
2022 15 2184
300 15 1165
4719 20 741
796 15 7961
7766 20 7770
3511 20 7856
3003 15 3004
0 20 23
2022 20 3095
3951 15 1250
6477 20 494
6614 15 1817
6066 15 4054
4287 20 1504
3959 20 5550
4403 15 3129
4331 20 4332
754 15 712
749 15 2779
2199 15 1616
2989 15 5008
2030 15 7870
2511 20 2556
2337 15 2338
4427 15 7172
1674 20 706
4104 20 4106
7775 15 6152
3101 15 3097
2305 20 2640
5448 15 5163
4281 15 1504
7169 15 2199
2321 20 4328
1269 20 4042
4422 20 4426
5086 20 5087
2037 20 2038
3337 20 2442
1147 15 31
838 15 849
7097 20 2298
5163 20 5448
2774 20 5339
5416 15 28
6470 20 510
1747 20 6326
860 20 7931
313 20 1077
4370 15 7086
4447 15 1948
1711 20 4224
4458 20 4705
7 15 808
6052 20 16
741 15 4719
952 15 951
2699 20 4057
5772 20 7140
650 15 1668
2668 15 735
4273 15 4272
4283 20 3747
956 20 983
250 20 4012
4118 15 3520
947 20 948
4578 20 4578
2713 15 3101
5858 20 0
5073 15 1368
4426 15 4422
341 20 221
7139 15 7637
2086 15 7558
4475 15 4474
7767 20 3596
4369 20 7086
1364 20 2211
3535 20 7510
5506 15 3095
2590 20 4833
3772 20 1073
7355 15 7340
301 15 7469
914 15 911
7885 15 7883
1748 20 1743
1368 20 5073
3985 20 3436
3962 15 300
6407 20 6409
706 15 1674
6809 20 3670
3297 15 1449
4345 15 4292
3821 20 2392
6744 15 1738
4212 20 2281
7525 20 7540
6130 15 1432
1056 20 596
742 15 613
6016 15 6015
4271 20 4309
883 15 882
4279 20 7276
3675 20 3676
606 20 748
2057 20 3994
2709 15 3750
2294 20 724
1905 15 3537
87 15 81
4057 15 2699
4284 15 4244
6919 20 6203
6908 15 4357
6458 20 6075
2710 20 1852
4161 15 4121
1620 15 1612
950 20 951
4457 15 4018
5550 15 3959
3087 20 7884
3670 15 6809
1738 15 1893
1950 20 6470
816 15 5039
192 15 187
3580 20 2744
4121 20 4161
5636 20 6072
2783 15 747
6716 15 6717
1200 15 1776
3766 20 5054
221 15 341
1877 15 3081
3603 15 4447
5552 20 5553
4223 20 5967
6017 20 6015
7856 15 3511
4208 20 4209
2621 15 4833
1480 20 1481
60 15 3796
6057 15 996
735 20 2668
5324 20 6506
6048 15 1990
4 20 4
7771 15 5915
2325 15 5887
1612 20 1620
7356 15 2160
421 15 1166
5339 15 2774
5883 15 6422
712 20 754
3086 15 1276
305 15 277
4381 20 1070
237 15 1388
780 20 709
3565 20 4805
545 15 827
1668 20 650
996 20 6057
2444 20 2445
4474 15 3151
6015 20 6016
3004 20 3003
1200 20 1506
6048 20 6056
7193 20 7543
7975 15 3354
3648 20 3649
6243 15 6242
173 15 168
839 15 5015
414 20 892
5113 15 7599
28 15 11
1893 20 1738
811 15 859
494 15 6477
2291 15 1308
7636 20 679
6422 20 5883
570 20 2884
6415 20 3884
1245 15 234
1917 15 3494
4850 15 3998
7097 15 4285
191 20 198
5108 20 4393
3584 20 7035
3667 20 3664
11 20 28
4294 15 4295
7169 20 3585
4820 20 1189
6473 15 6451
929 15 891
5277 15 7723
4206 20 6058
4447 20 3603
4274 15 3015
3501 20 3502
1675 20 7155
729 15 4370
7884 15 3087
891 15 912
1100 20 7098
3674 20 3675
7883 20 7885
3075 15 3069
4295 20 4294
5519 15 1925
942 20 944
1925 20 5519
7939 20 3677
4646 15 2685
7510 15 3535
4293 20 4324
3965 20 4812
416 20 1950
5341 20 1637
6452 15 7140
1323 15 1342
5449 20 434
1027 20 5269
1696 20 6361
4833 15 2590
5395 20 3136
3129 15 1905
1776 15 1775
3951 20 705
4076 15 736
5039 20 816
4334 15 4333
5887 20 2325
2038 15 2037
4894 15 4893
3529 15 6077
218 20 217
4387 15 375
4643 20 1268
2552 15 421
4378 20 4392
1013 20 3657
4042 15 1269
6981 20 236
4333 20 4334
2871 15 663
217 15 218
2442 20 3368
307 20 6749
0 15 5858
168 15 159
895 20 903
6072 15 5636
305 20 313
6490 15 1921
1559 20 1558
1851 20 7377
7544 20 7566
911 20 914
6119 20 6137
2108 15 3051
6322 20 6327
7086 15 4369
4331 15 4329
7212 20 5488
2177 20 7193
7885 20 7888
4334 20 7614
1672 20 3051
2522 20 4394
5967 15 4223
4502 20 3494
2399 15 6203
2946 15 2944
3520 20 4118
300 20 3962
4209 15 4208
1074 15 1070
415 16 415
562 15 1000
168 20 173
2993 15 2713
1904 20 7686
718 15 534
5378 15 5328
2617 15 5292
5005 20 2535
3436 15 3985
3676 15 3675
211 20 2454
3218 15 4118
1905 20 3129
1929 20 2299
3316 20 4543
4028 15 5276
5775 20 850
2298 15 7097
3086 20 2054
6258 20 6262
420 15 7166
4359 20 4360
4272 20 4273
1817 20 6614
3980 20 3982
4079 15 4075
4393 15 5108
6470 15 1950
4463 20 7090
5623 15 2733
6502 20 4851
1049 20 1056
7770 15 7766
1359 20 7902
6450 15 4213
7772 15 3596
234 20 1245
1758 20 2444
5424 15 5270
6259 15 4286
5288 15 4880
6717 20 6716
2201 20 2206
958 15 938
2640 15 2305
4357 20 6908
2511 15 4809
2291 20 2295
3613 20 6583
6058 15 4206
570 15 7412
2004 20 4808
1450 15 2946
2295 15 2291
6947 15 6143
849 20 838
2077 15 6125
3488 15 6654
7888 15 7885
3884 15 6415
3324 15 2339
6506 15 5324
2719 15 7271
4337 15 4336
3596 15 7767
4474 20 4475
4805 15 3565
4880 20 5288
4847 15 7148
4335 15 7614
275 15 202
5552 15 5468
277 20 305
7464 15 4261
3074 15 3073
3095 15 2022
4392 20 2080
734 20 732
7566 15 7544
3675 15 3674
7090 15 4463
279 20 1062
7274 15 3072
3747 15 4283
4790 15 3007
1243 20 1244
4224 20 4286
4077 15 470
795 15 1785
3888 15 5184
