0 0 1 2 3 4 5 6 7 8 9 10 11 12 13 14 15 16 17 18 19 20 21 22 23 24 25 26 27 28 29 30 31 
1 32 33 34 35 
2 36 37 38 39 40 41 42 43 44 45 46 47 48 49 50 51 
3 64 65 66 52 53 54 55 56 57 58 59 60 61 62 63 
4 63 67 68 69 70 71 72 73 74 75 76 77 78 79 80 81 82 83 84 85 86 87 88 89 90 91 92 93 94 95 96 97 98 99 100 101 102 103 104 105 106 107 108 109 110 111 112 113 114 115 116 117 118 119 120 121 122 123 124 125 126 127 128 129 130 131 132 133 134 135 136 137 138 139 140 141 142 143 144 145 146 147 148 149 150 151 152 153 154 155 156 157 158 159 160 161 162 163 164 165 166 167 168 169 170 171 172 173 174 175 176 177 178 179 180 181 182 183 184 185 186 187 188 189 190 191 192 193 194 195 196 197 198 199 200 
5 23 92 121 142 201 202 203 204 205 206 207 208 209 210 211 212 213 214 215 216 217 218 219 220 221 222 223 224 225 226 227 228 229 230 231 232 233 234 235 236 237 238 239 240 241 242 243 244 245 246 247 248 249 250 251 252 253 254 255 256 257 258 259 260 261 262 263 264 265 266 267 268 269 270 271 272 273 274 275 276 277 278 279 280 281 282 283 284 285 286 287 288 289 290 291 292 293 294 295 296 297 298 299 300 301 302 303 304 305 306 307 308 309 310 311 312 313 314 315 316 317 
6 320 321 322 323 324 325 326 327 328 329 330 331 332 333 318 319 
7 384 375 334 335 336 337 338 339 340 341 342 343 344 345 346 347 348 349 221 350 352 353 351 354 355 356 357 358 359 360 361 362 363 364 365 366 367 368 369 370 371 372 373 374 376 377 378 379 380 381 382 383 
8 385 386 387 388 
9 389 390 391 392 393 394 395 
10 329 396 397 398 399 400 
11 266 401 274 403 402 404 405 407 406 408 409 410 411 412 413 414 416 417 415 418 419 420 421 422 423 424 309 233 
12 425 426 427 428 429 430 431 432 53 
13 433 434 435 436 437 438 439 440 441 442 443 444 445 446 447 448 449 450 451 452 453 454 455 456 457 458 459 460 461 462 463 464 465 338 466 467 468 469 470 471 378 
14 472 473 474 475 
15 512 513 514 433 476 477 478 479 480 481 482 483 484 485 486 487 488 489 490 491 492 493 494 495 496 497 498 499 500 501 502 503 504 505 506 507 508 509 510 511 
16 515 516 517 518 
17 519 520 521 522 523 524 525 526 527 528 529 530 531 532 533 534 535 536 537 538 539 540 541 542 543 544 545 546 547 548 549 550 551 552 553 554 555 556 557 558 559 560 561 562 563 564 565 566 567 568 569 570 571 572 573 574 575 576 577 578 579 580 581 582 583 584 585 586 587 588 589 590 591 592 593 594 595 596 597 598 599 600 601 602 603 604 605 606 607 608 609 610 611 612 613 614 615 616 617 618 619 620 621 622 623 624 625 626 627 628 629 630 631 632 633 634 635 636 637 638 639 640 641 642 643 644 645 646 647 648 649 650 651 652 653 654 655 656 657 658 659 660 661 662 663 664 665 666 667 668 669 670 671 672 673 674 675 676 677 678 679 680 681 682 683 684 685 686 687 688 689 690 691 692 693 694 695 696 697 698 699 700 701 702 703 704 705 706 707 708 709 710 711 712 713 714 715 716 717 718 719 720 721 722 723 724 725 726 727 728 729 730 731 732 733 734 735 736 737 738 739 740 741 742 743 744 745 746 747 748 749 750 751 752 753 754 755 30 756 757 758 759 760 761 762 287 302 335 364 370 371 415 416 434 444 454 457 464 467 472 19 
18 768 769 770 771 763 764 765 766 767 
19 772 773 774 396 376 
20 776 777 778 775 
21 217 779 780 781 
22 784 205 782 783 
23 785 786 787 788 789 472 
24 792 215 790 791 
25 793 794 795 796 797 
26 31 286 798 800 801 802 803 804 805 806 807 808 809 810 811 812 813 814 815 816 817 818 819 799 307 820 821 822 823 824 825 826 295 209 242 634 
27 832 827 833 287 401 338 795 828 829 830 831 
28 522 566 766 778 793 832 834 835 836 837 838 839 840 841 842 843 844 845 846 847 848 849 850 851 852 853 854 855 856 857 858 859 860 861 862 863 864 865 866 867 868 869 870 871 872 873 874 875 876 877 878 879 880 881 882 883 884 885 886 887 888 889 890 891 892 893 894 895 896 897 898 899 900 901 902 903 904 905 906 907 396 908 909 910 911 912 402 913 914 915 916 917 918 919 920 921 922 923 924 925 926 927 928 929 930 931 932 933 934 935 936 937 938 939 940 941 942 943 944 945 946 947 948 949 950 951 952 953 444 954 955 956 957 958 959 960 961 962 963 964 965 966 967 968 969 970 971 972 973 974 975 976 977 978 979 980 981 982 983 484 
29 545 200 298 562 821 984 985 986 987 92 415 
30 355 988 989 990 
31 992 991 908 655 
32 993 994 995 36 
33 865 996 997 998 999 1000 1001 9 1002 1003 1004 827 
34 512 1024 1025 1026 1027 1028 1029 1030 1031 1032 1033 1034 1035 1036 1037 1038 1039 1040 1041 1042 1043 1044 1045 1046 1047 1048 1049 1050 1051 541 1052 1053 1054 1055 1056 1057 1060 1061 1062 1063 1064 1065 517 1066 1059 1067 1068 1069 1070 1071 1072 1073 564 53 1074 1075 1076 1077 1078 1079 1080 1081 1082 1083 1084 1085 1086 1087 1088 581 1089 1090 1091 1092 1093 1094 1095 1096 1097 1098 1099 1100 1101 1102 596 1103 1104 1105 1106 1107 1108 1109 92 1110 1111 1112 1113 1114 1115 1116 1117 1118 1119 1120 1121 1122 1123 1124 1125 1126 1127 1128 1129 1130 1131 1132 1133 1134 1135 1136 1137 1138 1139 1140 1141 1142 1143 1144 1145 1146 1058 724 725 43 218 752 242 262 263 265 266 267 781 277 278 279 286 295 810 305 306 313 349 379 403 407 1005 1006 1007 1008 1009 1010 1011 1012 1013 1014 1015 1016 1017 1018 1019 1020 1021 1022 1023 
35 1152 1153 1154 1155 1156 1157 262 1158 264 1159 1160 1161 1162 1163 1164 783 140 1165 1166 1167 1168 1169 1170 1171 1172 1173 1174 1175 1176 1177 1178 1179 1180 1181 290 1182 1183 1184 1185 1186 1187 1188 1189 1190 1191 307 1085 1088 706 1101 1106 596 1111 226 1147 1148 1149 1150 1151 
36 902 1192 1193 778 882 
37 1194 1195 1196 1197 
38 1198 1199 1200 1201 1202 1203 1204 1205 
39 1216 1217 1218 1219 1220 1221 1222 1223 692 1206 1207 1208 1209 1210 1211 1212 1213 1214 1215 
40 1224 1225 1226 1078 
41 775 233 1227 1228 1229 1230 92 
42 1231 1232 1233 1234 1235 1236 343 827 
43 1237 1238 1239 1240 1241 1242 1243 1244 
44 768 784 428 902 
45 1248 1245 1246 1247 
46 416 1249 1250 1251 1252 1253 777 9 45 655 304 1044 438 252 1149 
47 1254 1255 1256 1257 1258 751 
48 1259 1260 1261 1262 1263 1264 1265 
49 1266 1267 1268 1006 
50 1280 1281 1282 1283 1284 1285 1286 1287 1288 1289 1290 1291 1292 1293 526 1294 1295 1296 1297 1298 1299 1300 1301 1302 1303 793 1277 1304 1305 1306 1307 1308 1309 1310 1311 1312 1313 584 1099 463 1269 1270 1271 1272 1273 1274 1275 1276 893 1278 1279 
51 1314 1315 1316 1317 1318 1319 1320 
52 867 739 1321 1322 1323 1324 1325 1326 1327 1328 1329 1330 1331 1332 216 441 700 
53 393 1333 1334 1335 1336 1337 1338 
54 1344 1345 1346 1248 1347 1348 655 657 340 221 1339 1340 1341 1342 1343 
55 1349 1350 1351 1352 9 
56 1353 1354 1355 1356 1357 1358 1359 338 850 1300 378 
57 674 935 765 1360 1361 1362 1363 1364 1365 1366 1367 1368 1147 1149 222 31 
58 795 1376 1377 1378 1379 1380 873 1229 885 1369 1370 1371 1372 1373 1374 1375 
59 1381 1382 1383 1384 1385 1386 1387 1101 343 
60 1388 1389 1390 1046 250 
61 1392 1393 1270 1391 
62 1039 43 53 1091 79 610 1134 672 203 1243 226 741 1269 253 265 277 289 805 308 1394 1395 1396 1397 1398 1399 1400 1401 1402 1403 1404 1405 1406 1407 1408 1409 1410 1411 1412 1413 1414 1415 1416 1417 1418 1419 1420 1421 1422 1423 1424 1425 1426 1427 1428 1429 1430 1431 1432 1433 1434 1435 1436 1437 1438 1439 1440 1441 1442 1443 1444 1445 1446 1447 1448 1449 1450 1451 1452 1453 1454 1455 1456 433 1457 1458 1459 392 1460 1461 1462 1463 1464 1465 441 1466 1467 1468 1469 1470 1471 1472 1473 1474 1475 1476 1477 1478 1479 1480 1481 1482 1483 1484 1485 1486 1487 1488 1489 1490 1491 1492 1493 1494 1495 1496 1497 1498 1499 1000 
63 902 652 
64 768 266 487 286 45 739 1006 748 
65 1029 655 1438 287 544 801 548 43 1326 463 
66 655 36 43 1129 
67 790 827 757 
68 1027 
70 616 650 587 690 
71 355 644 562 444 
72 257 772 266 31 850 1365 253 735 98 358 239 243 
73 935 
75 40 259 
77 899 784 1047 65 506 894 
78 473 
79 552 1324 963 460 751 
81 677 858 
82 971 850 
83 441 578 
84 1391 1371 
85 355 1438 
86 63 
87 1495 
88 1347 868 
89 644 9 790 1046 1438 799 805 324 217 218 1242 1245 248 355 1000 1388 237 
90 1086 
91 1289 
92 1007 
93 204 402 825 
94 1027 1392 572 573 1022 
96 984 1433 860 
97 1461 
98 851 
99 835 
100 850 851 
101 778 238 111 274 275 278 767 
102 778 
104 402 293 1068 1473 1377 1245 
105 211 
107 433 378 
108 1249 355 1383 831 
109 264 11 28 433 795 1020 287 
110 257 1161 1039 1165 19 276 281 286 415 416 545 292 287 296 300 45 305 562 181 312 313 824 827 444 321 721 144 1241 990 735 1000 250 
111 70 
112 36 340 1342 
113 777 1176 595 
114 1248 237 1343 
115 644 776 1419 908 28 286 292 63 1227 1355 343 221 350 1255 111 242 1091 
116 43 428 655 
117 972 1356 919 
118 391 1230 
119 1005 
120 850 1494 1022 
121 1409 
122 835 1392 
123 484 496 499 1108 
125 1436 
126 525 505 222 
127 443 957 750 496 1268 506 
128 850 845 
129 7 1022 
130 912 793 
131 425 
132 1121 14 655 1191 1398 
133 402 149 452 
134 9 53 
135 522 528 529 533 535 539 541 542 567 57 585 702 1241 1301 1317 850 851 1377 689 1420 442 956 447 974 1012 1018 
136 1497 1161 
137 1134 
139 1286 1166 272 533 1308 1130 221 
140 296 747 279 221 
141 1488 787 
143 1153 
144 242 
145 302 
146 23 
148 845 1310 
149 680 233 61 375 
150 1321 
151 1310 969 1270 
152 1152 257 264 266 783 282 801 810 564 218 222 237 879 240 242 252 
153 19 
154 568 
155 210 
156 936 548 650 525 447 
157 240 
158 888 
159 769 644 778 340 
160 224 1248 1333 988 93 1246 1151 
162 934 1006 
163 541 1058 1065 1068 45 1076 1081 1087 1096 590 603 111 1141 645 1164 1167 1180 1182 707 709 723 221 733 736 754 262 264 779 780 272 463 288 290 293 296 297 302 304 823 317 379 489 421 494 596 450 
165 266 1323 
166 1408 
168 1024 1253 1034 
169 352 4 
170 456 
171 478 
172 1392 1091 
173 1328 705 850 1106 862 990 1121 487 745 494 
175 1190 1108 
176 267 223 
177 1029 775 648 521 1175 1055 465 1229 680 300 1326 431 1329 467 564 445 1357 343 218 1250 226 616 1016 252 
178 1083 
179 1156 221 
180 385 9 651 657 660 1055 689 57 571 443 1241 242 1138 1151 
183 114 1239 
184 1420 655 
185 36 111 
187 343 
188 746 
189 577 320 622 680 703 708 718 737 756 762 777 467 1014 502 
190 644 852 1271 
191 1183 1456 1333 1463 1472 1474 1091 1477 1490 1493 1497 
193 296 223 
194 1091 
195 847 209 
196 1322 
197 1341 
199 775 778 1058 844 346 
200 1248 7 9 1232 1242 795 1438 799 
203 1 1230 
204 652 845 
205 24 
207 1250 310 
208 1377 1392 
209 353 1443 747 1039 
210 1409 1298 407 307 822 823 266 1472 1183 1475 1091 203 847 977 1493 1248 242 1022 
212 289 902 1039 271 309 57 
213 622 1331 53 
215 1346 1391 1340 
217 908 1300 664 42 837 1356 862 
218 53 
219 778 
220 9 
221 1026 1044 1127 43 54 1161 700 699 203 1248 265 274 795 283 799 814 306 309 1341 831 326 355 1444 1014 
222 771 135 143 149 1445 1447 808 1077 83 1146 123 
223 517 185 204 240 242 1276 1298 286 822 837 847 345 346 354 355 366 385 1425 919 408 420 977 1022 
224 467 111 
225 1248 
227 773 
228 19 
229 616 878 240 242 859 
231 433 343 
232 777 266 265 1165 416 305 313 1473 1101 470 355 610 1123 1388 734 733 
234 902 340 791 635 1375 
236 777 823 
237 1216 441 1052 
238 369 
239 1377 
240 775 215 
241 1324 442 1361 751 
242 1029 650 279 1055 290 421 1453 438 442 571 
243 48 850 
244 267 1161 1039 276 1052 296 1065 823 706 614 250 
245 781 880 240 1495 
246 777 
247 1277 891 1278 
248 645 1056 290 304 317 1088 592 596 217 986 734 747 625 1013 1021 
249 496 
250 1052 
251 1409 781 
253 264 781 274 19 1175 1180 286 31 1056 290 302 304 1457 1091 1354 343 222 235 237 1389 240 1147 252 
254 1430 223 747 
256 777 
258 275 1068 977 
259 1476 
262 1135 
263 169 988 
264 652 1006 591 1203 24 
265 1193 42 1321 837 841 863 875 877 
266 302 
267 845 
268 266 397 1068 68 69 1377 230 
269 287 43 1071 435 442 
270 1029 1034 1035 1038 16 24 1052 1054 1055 1062 1065 1075 1097 614 655 219 221 242 266 267 784 272 279 306 1351 340 341 355 463 1010 1012 1014 
271 775 
272 266 390 
273 396 
275 1192 663 
276 1400 
279 1 564 343 990 
280 1364 
281 1249 550 586 890 795 831 
282 226 
283 693 
284 1039 159 34 168 317 1116 
286 1364 
287 801 1218 710 
288 847 1392 
289 1248 234 781 
290 200 267 270 312 
291 1091 304 
292 1248 
293 266 267 272 1065 1343 1097 463 1248 253 
294 1466 564 1051 1311 422 962 1092 1230 733 302 49 
295 738 
297 206 217 
298 655 53 
300 1305 
301 805 7 
302 908 862 
303 19 31 590 592 1105 1104 596 598 1118 613 1132 1133 1135 1142 1147 1151 645 1161 1165 1173 1175 705 706 710 205 725 217 733 223 1248 224 735 736 742 743 747 237 752 250 252 253 257 262 264 267 780 270 274 275 276 1301 278 281 282 286 801 803 295 296 298 300 304 306 307 823 312 317 831 379 423 986 987 494 
304 1196 1325 
305 1248 267 777 53 1343 
306 34 870 243 1491 
308 1408 1410 147 1269 
309 581 567 663 
310 1122 555 1053 
311 1298 252 
312 1030 266 281 292 61 68 69 207 987 235 
313 413 931 677 434 587 731 1117 1122 752 625 1151 
314 491 727 664 
315 1339 
316 625 
317 1089 622 1208 1211 733 250 252 768 281 290 304 309 330 1436 1473 990 494 500 
319 803 775 270 735 
323 805 1087 
324 10 20 24 29 42 47 98 111 215 217 218 222 238 234 264 290 302 304 317 338 343 355 375 377 402 410 416 444 459 472 535 543 564 572 610 616 634 637 645 650 663 672 677 680 685 138 729 733 734 732 736 768 775 791 838 849 850 864 874 881 885 887 907 908 923 926 930 931 1047 1070 1117 1126 1141 1149 1192 1245 1267 252 1382 1449 1476 
325 53 
326 384 302 343 351 
327 380 
328 1091 
329 1326 630 
330 25 28 
331 521 1039 531 532 1044 1048 545 551 562 593 88 601 650 1166 185 721 215 1240 775 1300 287 293 296 302 827 325 837 371 1372 415 931 421 443 444 962 486 
332 831 
333 565 
334 1181 
335 1061 1106 1136 645 1162 680 222 270 1301 291 292 295 296 297 309 831 1359 402 1434 1468 473 500 
336 801 781 253 
338 1037 1044 32 41 1090 1138 702 703 1312 805 831 834 835 850 1365 853 1372 355 868 356 870 358 359 361 360 366 887 896 484 431 459 1008 
339 69 209 242 670 
340 242 1405 
341 321 1224 781 1470 
342 805 719 
343 455 
344 564 57 572 506 
345 738 744 499 
346 1153 452 
348 640 519 9 267 271 534 289 719 548 302 1329 568 441 59 1473 711 1491 739 628 
349 1377 264 266 1161 1388 1049 1147 222 
350 1068 
351 531 804 567 955 443 585 1229 210 486 492 
352 1491 1080 
353 1175 
355 548 
357 1259 
358 3 14 805 442 1242 1248 
359 919 1316 1068 562 1091 710 869 1257 745 1135 1142 503 
360 19 1045 209 552 45 1234 1117 1149 1173 1174 666 1183 1189 252 262 275 286 1337 832 871 1388 878 1409 1425 409 1435 418 433 1472 1491 1493 705 202 1021 203 
361 768 258 235 
364 1153 645 266 780 534 803 823 61 1377 
365 1333 
366 1169 625 
367 223 
368 420 1364 
369 1443 461 
370 217 10 1245 
371 636 7 9 525 271 657 531 534 535 547 1326 302 563 53 444 355 867 
372 238 270 
373 355 645 300 655 
374 302 
375 1248 
376 263 200 265 298 270 986 543 
377 484 
378 1348 1161 266 823 
379 823 
380 1321 901 216 
384 644 784 223 
385 1242 250 
386 873 876 882 884 885 
387 534 24 717 1054 550 1065 296 553 1229 441 55 1209 831 1473 579 1097 595 733 626 
388 453 1258 15 703 
390 1159 239 1490 1276 93 
391 234 655 272 218 
392 267 
393 1033 272 
394 10 795 
395 1344 642 1405 
396 1135 218 
397 266 302 1331 438 585 375 
398 766 
399 915 43 998 
400 899 428 1330 
401 239 243 
402 4 565 1318 
403 25 763 
404 534 680 850 733 
405 864 1356 
407 1029 
408 650 1052 1326 338 1302 1018 
409 19 238 
410 512 805 
411 1356 53 
412 1291 535 
413 837 581 583 1241 543 
414 1476 856 956 
415 343 831 
416 448 1058 
417 871 343 
418 742 1077 1343 
419 293 721 781 
420 520 525 45 561 563 571 1083 1097 587 20 616 625 24 641 650 654 680 683 1053 708 728 271 1311 336 343 1383 373 1446 432 458 464 470 
422 43 795 
423 266 650 534 536 795 539 544 35 548 296 467 564 438 57 572 466 1014 632 634 
425 837 1237 535 891 767 
426 442 7 
427 272 
430 893 343 
431 1037 53 799 
432 925 1490 
435 1356 
436 1249 634 761 442 
438 495 
439 330 
440 263 265 
441 7 1438 
442 1491 
443 136 399 146 1172 153 159 1332 1356 79 94 356 359 360 233 123 118 251 
445 1089 1388 500 
447 1229 
448 55 
449 1150 
450 209 
451 902 15 934 1194 871 
452 323 467 
453 244 149 
454 385 655 272 1104 338 1371 
455 642 344 
456 266 340 343 
457 548 
458 1153 803 552 1055 
460 46 
462 1037 53 
463 1248 9 1196 
464 784 
465 1490 
466 1346 209 
467 1343 
468 512 26 1420 525 14 655 286 20 669 1053 805 812 810 1083 1472 803 
469 923 
470 791 
473 1408 1450 1461 
474 525 53 
475 240 799 
476 1256 851 506 
477 431 
478 264 650 536 817 1241 614 625 634 
479 1374 1006 
482 850 923 950 
484 288 239 1102 
486 1049 30 1056 590 596 598 91 1147 1153 1164 1174 1175 706 709 201 221 735 747 257 262 264 266 267 779 272 274 275 278 290 295 296 297 304 306 1343 321 1430 421 995 1005 1021 
487 356 359 
488 1390 
489 564 340 
490 1358 207 
491 1318 
493 11 526 689 
495 850 19 
496 9 
497 14 534 545 45 66 603 92 622 1156 699 706 712 208 721 220 747 239 266 267 1301 281 306 820 827 321 330 441 1473 451 
498 473 
499 26 432 1329 700 66 1229 486 626 
500 1413 180 1243 1244 
501 1164 140 30 680 434 471 733 625 633 
502 1310 
503 1100 
504 1420 
505 1319 52 1238 857 474 
506 1171 156 1184 735 1120 252 
507 771 1027 1490 564 
508 742 1163 304 239 
510 1089 
511 9 1039 18 642 656 556 817 326 462 
512 233 787 277 252 
513 16 
514 11 812 238 
517 466 531 
518 557 582 
519 1153 1025 776 9 12 18 823 61 62 986 240 253 
522 1027 266 267 1430 795 801 810 1076 1340 1343 209 473 1389 240 1391 1149 
524 1317 391 362 
525 1249 1250 548 
526 4 1420 655 20 792 1438 799 928 416 805 1446 1206 318 210 627 
527 1415 1161 908 407 823 1388 1005 
529 270 272 23 
530 165 
531 771 850 
533 851 
534 873 267 887 
538 1250 1334 
539 899 
540 11 1388 851 
541 264 19 534 795 31 548 437 438 444 450 1092 209 91 222 735 234 1013 121 1147 1276 
542 1055 
543 1027 
544 642 355 805 634 
545 1418 1171 277 1432 1408 305 1077 313 1470 1490 985 
546 614 235 780 
547 1282 899 1194 1237 1372 358 359 875 
549 1120 1450 1101 
550 1091 831 
551 433 778 1250 7 
552 1248 267 1037 655 
553 937 941 
554 835 309 
555 1153 265 12 413 1436 813 1473 324 1101 297 984 622 634 
556 1047 1048 1061 1065 45 1096 1143 707 1305 347 368 449 456 
558 271 18 1300 534 664 1437 977 81 1236 1373 1377 
559 353 
560 836 852 1372 
562 733 
563 805 1431 1432 
564 1299 
565 259 1158 
567 9 267 61 
569 309 1276 
573 1355 242 851 862 
574 262 274 275 
575 264 769 795 
576 1137 57 1055 
577 1292 
578 224 297 278 
579 856 
580 240 
582 92 
583 1200 
584 1025 652 1169 281 923 1052 31 296 1193 1068 335 850 1365 342 857 222 353 352 355 1377 237 240 1018 
586 1388 237 283 
587 769 1155 645 780 1135 
588 240 
589 1346 
590 655 
592 1 1092 121 215 1257 768 788 287 850 851 869 871 879 891 897 912 400 402 1435 932 962 971 1000 
593 525 795 441 454 622 634 
596 1371 
597 808 1452 
598 1196 652 240 988 
599 770 771 1357 
600 769 9 271 1041 650 787 278 534 283 801 814 1333 438 289 61 69 324 1389 242 
601 1408 1356 491 
603 13 
605 1029 1034 1065 614 1134 651 1227 1253 757 272 1299 1325 843 368 928 428 453 463 
606 1371 
607 250 1276 
608 512 1041 24 29 1081 1088 581 1101 1102 592 92 1120 1153 1163 1171 1174 1177 706 707 200 725 217 218 731 1245 1248 733 742 234 745 251 770 263 780 779 311 1339 1365 1366 276 368 1422 924 1437 421 1487 298 1317 1021 1023 
609 1319 1015 445 510 
610 239 277 252 735 
611 115 79 98 1394 
612 1377 239 1020 
614 1101 1120 730 237 754 277 1384 1484 
615 1061 1286 763 764 
616 835 53 
617 1027 1007 
619 1192 
620 1261 
621 864 
622 324 
624 938 1108 958 
626 9 
627 784 674 704 834 1097 463 471 511 
628 9 655 384 1051 1055 1316 302 690 837 721 347 1247 1000 
630 596 
632 554 834 968 844 473 366 760 890 
633 801 266 811 1389 845 237 
635 586 302 
636 1048 1305 1307 606 223 1129 
638 810 
639 934 795 
641 942 272 1011 1047 1305 
643 1056 1088 1027 296 747 270 596 278 1049 
644 1249 777 670 340 766 
645 1356 877 850 
646 1183 1450 822 312 1248 747 124 254 
647 634 858 
648 921 518 
649 820 
650 748 
651 642 14 923 289 803 548 296 811 705 240 242 
653 768 770 334 614 
655 1027 1034 1022 1340 453 463 1392 506 
657 645 433 309 
658 802 53 
659 547 100 
661 284 
662 240 1153 
664 923 1343 
665 1187 138 53 124 
666 1372 
667 53 1402 
668 1124 45 400 
669 1007 
670 1377 1098 1356 272 1340 
671 862 
672 521 11 650 1037 1430 805 1343 1250 634 252 
673 781 1042 811 307 1456 62 1474 205 859 735 1250 237 1389 1273 253 
675 265 1171 
676 559 
677 806 
679 1047 343 
680 266 240 242 1278 
681 203 
682 835 1336 
684 1051 1276 
686 1174 1183 
688 512 3 525 14 534 59 1242 790 792 799 805 813 815 324 895 1418 1438 
689 771 644 
691 567 1420 850 343 761 
692 266 
693 265 1364 121 91 
694 684 
695 710 1096 733 639 
696 208 244 220 
697 655 411 30 671 930 296 577 457 338 731 1377 1123 744 368 752 500 1018 
698 1326 920 1072 441 1370 890 
699 614 647 
700 261 1291 1303 536 1309 30 1313 1317 686 823 575 458 706 111 
701 1497 
703 267 
704 1227 699 1330 724 634 
706 61 
708 548 
711 610 1066 461 
714 1248 787 340 
715 512 533 1055 550 1070 1074 567 60 1091 585 1097 586 1100 1116 625 1138 627 642 681 686 729 218 1245 738 745 234 240 242 784 287 302 304 831 868 364 900 924 934 452 1006 1015 511 
716 1220 
717 990 
718 63 111 
719 240 242 
720 240 859 862 
721 324 813 1329 
722 512 539 548 567 57 587 606 616 622 636 650 664 1240 739 271 302 306 309 366 441 486 
723 45 61 587 1104 1118 645 1158 1167 1190 706 710 725 733 736 752 264 780 277 1305 290 304 309 317 416 488 
724 321 1065 266 211 309 
725 962 1356 
726 1161 266 1166 1300 1301 281 416 421 292 296 1065 297 45 823 1341 1245 
728 296 1047 247 923 733 
729 787 
731 11 452 338 343 1116 489 1012 
732 1101 24 
734 92 
735 1280 1027 266 338 564 
736 263 265 782 277 27 
737 1379 1013 1014 
738 1152 1272 391 270 782 783 914 539 34 554 567 57 443 956 1472 1491 852 1365 343 859 223 1388 880 240 1276 
739 385 582 847 
740 450 788 
741 1265 287 
742 263 792 
743 1417 267 1046 803 57 1472 718 1377 237 240 248 
744 1249 
746 1237 
747 1 266 1259 
748 1272 768 851 891 
749 204 
750 1097 
751 1384 1328 595 
752 920 998 1446 894 
753 644 
754 953 
756 237 1494 927 
757 512 533 535 791 536 539 433 949 60 959 343 242 
758 410 391 
759 1025 1348 1341 
760 83 
761 447 
762 864 1280 835 840 1415 267 881 923 766 1247 
763 224 240 213 
764 519 525 534 1058 548 557 45 53 571 601 1122 616 621 637 650 178 728 1241 1249 1254 778 271 279 795 671 831 324 1383 1420 441 1473 466 471 994 
765 811 413 343 
766 808 1196 1389 
767 1028 1190 
768 263 265 76 79 80 355 110 
769 1027 
770 1340 655 
771 200 298 1021 
772 251 
774 851 
775 713 850 
776 343 
778 1100 1076 
779 3 14 1039 536 302 1241 
780 1029 1008 
782 1401 
784 1228 111 
785 9 548 550 567 570 575 1089 585 586 616 625 634 636 642 650 759 271 302 831 936 955 447 
787 60 61 
788 1224 
789 7 9 19 28 43 45 53 57 61 184 222 257 266 267 270 271 282 290 295 301 302 304 306 309 308 312 317 330 375 441 461 489 511 514 587 592 596 598 603 610 613 625 631 634 640 645 650 655 676 691 706 707 710 712 724 725 733 736 742 750 752 754 824 826 831 935 977 1021 1039 1041 1049 1051 1056 1066 1067 1085 1088 1102 1105 1115 1118 1122 1133 1135 1136 1153 1174 1175 1176 1183 1242 1256 1383 1434 1438 1441 1444 1473 1491 
790 650 
791 1040 274 535 1311 672 548 551 557 302 563 571 580 338 617 1131 632 634 
793 250 53 
794 1494 
797 1029 1028 1037 533 535 536 539 543 1027 49 572 581 583 1104 1109 603 610 1131 625 633 636 1148 645 650 1164 655 494 946 1180 672 677 175 689 444 705 710 956 715 724 454 963 965 1275 765 767 458 264 778 461 277 279 805 1324 302 317 318 832 1348 842 1364 346 870 362 1393 382 902 402 915 487 409 934 443 962 1013 
798 1410 
799 1405 1421 
800 1256 
801 212 
802 1284 837 350 
804 1305 
806 902 650 534 633 574 1311 
807 1166 277 1312 1056 297 302 1461 1077 313 1479 1482 251 
808 1390 283 
809 777 1491 517 
810 43 829 1016 
812 517 
813 1301 309 
814 573 859 
815 660 534 
816 1157 250 28 61 
817 649 265 1039 271 1171 277 548 305 819 323 581 
818 250 
819 1395 799 
820 1323 
823 355 801 1333 92 799 
824 795 
825 1336 450 466 1248 1255 
826 1357 
827 43 
829 1041 19 1046 1049 30 1056 1088 1102 592 1104 596 1117 98 613 121 1149 1153 645 1161 1165 146 1174 1177 706 709 218 735 742 747 237 252 263 265 266 267 780 278 290 295 297 300 304 306 309 317 321 1362 416 1021 1023 
830 185 
831 1041 1049 1056 45 1088 590 592 596 613 1153 645 1167 1169 1174 682 706 709 223 742 1276 262 266 780 275 1311 295 296 309 831 346 355 371 407 444 1012 1013 1021 1023 
833 244 343 
834 642 934 
835 801 1389 
836 224 1359 862 
837 16 
838 664 1050 1066 53 826 1242 610 756 508 
839 924 1192 306 848 1372 885 876 877 887 
841 486 9 1329 531 765 
842 655 1060 209 986 1140 
843 518 323 1356 
844 998 240 605 
845 1027 
846 8 1016 
847 1152 1161 782 804 687 325 205 990 239 
848 891 
849 265 862 
850 837 
851 924 
852 835 
853 1079 693 1061 1190 706 1108 489 
854 16 1326 828 702 1118 
855 1133 441 
856 428 1052 
857 1358 378 1371 
858 9 
859 851 564 
860 1193 977 
861 204 240 
862 1416 209 
863 705 1106 
864 264 1161 1041 1042 276 278 280 281 1049 1056 304 181 823 1085 317 321 1088 
867 482 
868 393 650 660 923 548 302 687 436 699 444 831 454 587 471 602 994 996 616 
869 355 
870 644 266 271 791 805 45 309 1476 601 490 240 1013 1022 
871 795 
872 831 
873 448 435 1044 26 669 444 1328 53 438 721 587 1116 578 355 759 
874 442 715 461 602 730 616 759 
875 24 723 
876 53 739 324 
877 721 
878 644 795 
879 650 535 539 1052 1324 438 441 576 454 338 472 364 633 
881 1196 988 1025 
882 45 223 
883 559 862 
885 444 
887 8 
888 45 1216 
889 1122 314 
891 1161 1300 
892 1344 896 323 
893 625 862 
894 642 1029 265 1034 272 1299 1320 416 302 567 580 343 347 760 378 
895 1255 
896 1290 1036 309 36 847 848 977 851 223 
897 43 
898 1151 
899 516 
901 1161 266 267 24 281 795 924 1068 823 850 851 1377 616 
903 1039 250 27 1341 
905 922 1127 
907 55 313 730 
909 1377 17 
911 272 541 682 309 63 332 223 
912 1248 235 324 
913 899 908 923 
914 1295 
917 1389 
919 1048 
921 9 
923 384 338 851 
924 548 
925 988 
927 281 
930 1389 627 1151 
932 924 
933 1055 
936 323 
938 720 
939 908 1005 
940 266 919 862 1269 1403 
942 1319 43 690 1371 
943 699 
944 768 101 1497 286 
945 1287 42 1290 1271 573 
946 795 
948 290 733 
950 385 355 
951 1091 
952 1412 807 
953 644 811 45 306 307 57 314 710 458 1108 733 1382 487 494 369 
955 485 441 
956 780 273 292 293 300 312 315 236 1135 
957 693 1089 591 1109 730 737 749 494 
958 534 
959 1472 43 340 572 
960 9 265 220 
961 277 
962 1356 
963 324 
964 747 862 
966 527 
967 788 791 557 432 953 828 
968 1123 611 489 493 506 
969 1344 835 1356 1393 
970 323 847 537 850 858 923 
971 266 919 1193 1339 845 851 
972 1320 1097 
973 795 45 
975 1249 548 1037 438 795 
976 266 1494 
977 1161 9 536 279 1311 421 43 822 57 580 858 
978 16 
980 837 329 
981 518 279 286 415 545 45 302 562 827 1473 1091 721 1248 1000 240 242 
982 0 2 9 11 14 23 28 43 88 91 92 93 121 165 495 181 185 211 217 218 219 220 222 234 252 263 264 265 271 278 279 284 289 290 302 305 304 313 317 326 335 371 379 416 421 451 463 477 478 486 548 581 596 603 604 645 655 681 699 708 711 712 714 724 723 731 733 740 742 745 759 779 820 823 831 890 920 988 1016 1021 1039 1041 1044 1049 1056 1062 1065 1075 1077 1085 1088 1089 1096 1100 1101 1102 1104 1117 1120 1125 1129 1149 1151 1153 1161 1175 1196 1245 1300 1305 1321 1329 1364 1377 1437 1453 1487 
983 267 862 
984 1011 
985 356 359 360 
986 9 652 777 671 
987 1301 1078 
988 1013 31 
989 9 
991 323 355 932 
992 20 1063 1109 613 1141 706 709 710 1240 730 733 742 780 272 784 338 1384 444 463 498 
993 1061 1106 1115 1121 1122 615 616 625 1143 687 705 714 718 730 732 743 759 914 1443 467 487 1216 492 498 510 
994 1023 
997 1189 
998 223 
1000 9 
1001 622 
1002 522 1047 554 559 571 572 578 1113 1182 696 1239 759 778 1324 831 843 378 899 938 955 958 974 
1004 421 1109 
1006 9 1473 
1007 20 1191 1066 1106 1109 604 93 1256 108 
1008 4 645 264 9 1420 270 1046 1175 281 288 290 292 295 298 304 306 181 312 598 470 218 1245 234 237 
1010 258 1063 266 1276 
1011 1034 655 639 
1012 296 747 
1015 1321 285 
1016 1025 18 30 1077 1101 1109 92 1125 133 1161 186 187 201 252 253 276 290 805 302 1011 
1017 801 986 298 237 19 278 250 252 253 222 735 
1018 355 
1019 343 
1020 795 
1023 1395 
1024 264 267 1039 
1025 276 
1026 358 
1028 344 1223 
1029 524 
1030 270 1359 1243 862 
1032 14 
1033 433 210 602 441 955 
1034 9 
1037 1054 54 831 1090 1097 1103 
1038 1408 
1039 453 
1040 616 45 
1044 564 766 
1045 1412 
1046 655 
1047 401 923 
1048 1326 438 
1049 907 410 836 479 357 
1050 500 
1052 519 9 1039 24 1161 1171 747 270 276 289 814 820 823 312 825 826 330 1434 1438 1439 1444 1453 1452 
1053 536 1195 817 693 1252 
1054 870 1230 850 
1055 1088 30 
1057 862 
1058 17 55 1090 579 1377 
1059 290 296 1039 304 
1061 996 362 
1062 581 
1063 324 9 813 795 
1064 414 
1065 801 803 1025 564 
1066 384 1090 
1067 390 
1068 850 
1069 1389 
1070 82 86 671 
1075 1027 
1078 1473 
1079 1165 781 283 801 805 
1080 99 
1082 242 1458 
1083 224 1248 247 250 
1084 1248 1316 267 
1085 1251 934 210 441 
1087 527 603 
1088 1055 
1089 71 
1092 1412 
1093 272 1011 
1095 1039 408 1065 185 1086 
1096 514 
1098 731 
1099 1255 1078 
1100 1444 1390 30 
1101 9 
1103 9 257 
1104 834 
1107 1051 302 49 1236 351 
1108 512 534 
1109 1415 1449 
1110 512 1409 652 1430 801 803 307 822 314 1389 756 510 
1111 850 921 
1112 1290 
1115 392 
1116 924 266 1340 923 1022 
1117 1199 
1119 266 1162 272 1175 282 1182 306 309 822 1104 987 1117 222 747 
1120 533 442 1354 
1121 924 
1122 512 772 26 548 1324 1356 1106 731 487 1383 1191 
1123 402 282 
1126 1027 771 
1127 724 
1129 916 919 
1130 82 
1131 650 524 567 536 282 
1132 484 338 
1133 1492 
1134 441 935 
1136 1240 
1137 266 271 
1138 1377 835 
1140 835 522 651 525 923 1341 
1141 67 739 164 142 
1143 908 1359 862 338 
1145 1330 
1146 297 
1147 679 
1149 416 296 309 1276 
1150 432 272 
1151 1050 
1152 1155 778 57 
1154 1205 1345 1363 
1155 1472 1493 
1157 9 14 
1159 1216 1106 
1161 266 1290 908 1301 29 309 1346 344 217 218 1245 996 234 1403 252 1150 
1162 57 28 
1163 784 1443 61 461 977 1109 1110 1256 1129 684 
1164 376 
1167 781 23 
1170 1408 
1171 209 634 314 
1172 642 272 1299 1052 1307 1058 466 1072 53 453 
1173 784 
1175 265 1418 277 801 803 1445 1447 1458 823 827 
1176 1356 
1178 510 511 28 1312 681 317 1096 736 
1180 1323 1342 1224 847 340 104 108 113 
1181 385 455 850 
1185 896 775 795 548 550 563 441 444 701 844 345 486 
1187 776 
1189 1056 317 1102 742 1137 710 759 
1191 1390 814 1400 92 
1192 19 31 548 550 1077 567 580 91 1122 111 664 165 680 230 765 257 775 265 267 302 1365 416 422 460 461 974 1487 467 984 995 1119 
1193 548 934 461 
1194 244 
1195 91 1196 209 251 988 57 
1196 1025 1041 19 31 61 91 92 121 1147 1152 1153 202 1161 213 222 735 227 239 252 253 257 263 264 265 274 275 278 823 1365 1021 
1197 658 1316 548 806 1194 438 445 447 587 1238 472 1117 863 995 626 
1198 282 61 
1199 338 466 1018 
1200 770 953 1488 1389 240 242 
1201 26 1412 1432 1480 1481 1483 1482 
1203 1048 
1204 1316 837 924 848 793 858 923 1372 
1207 482 3 1473 59 650 559 634 1051 
1208 240 
1209 407 222 
1210 224 267 
1211 515 1284 1287 921 934 681 441 850 482 
1212 642 7 
1213 513 1382 440 
1215 237 14 
1216 1472 330 
1217 290 610 1030 
1218 514 611 502 
1219 1027 1014 1023 
1220 1438 
1221 660 
1222 642 324 805 
1223 1052 
1224 805 698 730 92 
1225 262 1158 19 534 31 548 1365 735 98 240 1147 
1226 614 287 
1227 795 568 601 
1228 964 
1229 240 1356 
1230 1377 
1231 709 275 252 274 1340 30 
1233 395 930 804 1193 564 845 1371 880 1016 
1234 1321 1002 
1235 642 324 805 687 1329 1242 
1236 655 
1237 1048 1076 564 1129 113 1270 1272 1312 1318 1321 338 340 899 398 907 1427 1449 1497 
1238 512 710 1118 
1239 482 489 1106 28 
1240 267 271 534 536 284 43 441 220 93 92 618 
1243 257 
1244 921 923 924 427 452 1016 
1245 257 1153 357 264 317 270 413 
1246 7 669 565 210 
1248 242 
1250 1098 735 
1251 805 815 
1252 786 
1253 1377 1129 1068 
1254 1 
1255 2 998 
1258 694 
1261 1359 209 341 1125 240 509 
1262 1152 1153 1161 267 1165 1039 534 278 31 290 818 306 53 444 1341 61 1245 1388 237 627 
1263 24 
1264 224 781 358 
1265 262 
1268 737 490 511 752 510 
1271 608 640 602 1339 
1272 173 
1273 257 252 
1274 1248 
1275 1284 402 966 1356 1359 476 862 
1276 1241 
1277 536 
1278 512 473 
1279 415 1448 816 1476 1100 721 625 1016 
1280 141 1434 162 812 302 137 1077 184 313 60 92 222 224 97 1120 230 123 115 118 251 124 
1281 576 775 524 431 1361 
1282 1027 1393 
1283 14 1365 53 92 
1284 257 262 264 267 801 803 1205 823 61 321 217 218 222 234 240 252 
1285 743 
1290 1377 294 1193 411 
1291 228 234 
1293 923 
1297 385 778 464 
1298 267 1039 306 1248 
1299 288 
1300 97 803 1156 185 814 270 825 283 735 
1303 1409 834 844 
1304 1207 
1305 1041 1045 1049 1056 1085 1088 1089 1091 1102 596 121 124 1148 1154 645 652 1178 1184 676 1200 184 186 710 200 203 205 209 1227 217 222 233 237 239 240 249 768 257 264 779 270 782 783 278 281 286 801 295 298 1323 297 304 306 309 314 1339 317 340 1365 859 1383 1389 1409 399 915 1430 420 419 421 1456 1473 1474 1475 1476 465 467 1493 986 1005 1118 1021 610 
1306 1147 930 
1307 266 267 1229 1006 
1308 706 644 581 458 923 850 309 1147 57 
1309 136 1326 
1310 908 398 1052 942 944 847 862 104 108 496 1272 
1311 655 433 1491 1466 
1312 262 240 242 340 
1313 416 252 
1314 838 
1315 1074 1076 1104 368 1141 1016 1020 
1316 393 920 844 345 1124 1128 
1317 482 550 1197 473 
1318 611 
1319 1248 32 548 934 43 924 
1320 1248 267 1055 
1321 1441 
1322 862 
1323 517 1037 59 
1324 614 
1325 658 1330 52 310 
1327 908 1273 
1328 128 1437 1192 42 1206 1340 1342 347 
1329 486 
1330 775 534 1438 
1332 807 967 908 24 
1333 1068 1076 
1334 1286 540 1308 569 763 
1335 1068 
1337 266 1299 302 307 1106 851 351 1256 365 1133 752 496 502 503 508 1151 
1339 53 1052 
1341 642 1420 148 28 43 811 1073 309 320 452 125 208 859 220 
1342 1376 
1343 1030 534 441 62 83 486 242 
1345 652 
1347 441 538 
1352 775 
1353 263 
1355 907 912 573 835 1488 745 
1356 257 451 263 
1357 1388 
1358 1417 781 1425 1200 209 240 242 
1359 267 
1360 1436 804 1194 203 1106 1121 1123 745 490 492 499 500 501 
1361 330 
1363 249 862 
1364 804 250 
1366 1039 1050 1077 1091 1101 1120 638 1171 1191 181 263 265 267 277 1312 803 292 805 305 307 313 1442 1449 1487 487 498 
1369 986 606 415 
1370 370 
1371 1383 1384 330 271 
1374 1317 
1375 1438 
1376 341 221 
1377 257 263 1050 1213 
1378 1025 397 823 
1379 42 909 
1380 671 1011 920 890 795 
1381 43 
1383 264 265 735 
1386 441 687 
1387 680 1194 
1388 1497 
1389 476 
1392 928 866 935 565 
1393 262 801 596 
1396 835 655 1109 
1397 19 1046 24 30 1085 598 92 1118 1153 645 1165 1174 676 706 202 731 1245 733 234 237 248 252 262 781 270 278 795 300 306 307 1365 1388 373 452 989 1005 
1398 998 
1400 1476 
1401 652 781 
1402 250 
1403 763 764 
1404 923 
1405 1120 792 
1406 7 1036 34 548 550 42 53 567 57 1081 572 575 65 1089 1092 1093 582 586 86 602 616 650 657 678 1237 760 1278 773 1297 1305 1324 1325 831 850 851 1379 1382 368 371 391 923 929 931 443 444 962 459 979 912 508 
1408 847 
1410 1058 1088 1097 1102 592 1105 1107 1104 1117 1126 1136 625 629 1141 1152 645 648 1169 146 1048 667 1183 159 723 725 736 239 270 783 1317 304 822 312 317 379 1012 
1411 518 525 1091 582 111 653 664 669 1200 719 215 741 242 267 271 286 1325 843 1379 1013 
1413 272 784 1052 
1414 1437 
1417 322 
1419 449 614 671 
1421 1193 909 
1423 908 39 
1426 784 1044 1054 1076 463 1265 1010 
1427 1377 309 
1428 907 1297 835 837 839 343 869 1274 
1429 1093 1097 1015 635 
1432 832 66 837 1199 1201 921 
1433 321 355 775 40 366 338 1343 
1436 1011 1022 
1438 443 
1439 1017 
1440 651 1048 805 548 53 441 831 581 1100 1379 104 
1441 1300 
1442 1372 854 
1443 851 923 
1447 234 
1449 421 
1450 1417 
1451 795 
1454 1487 343 92 880 
1455 324 
1457 802 233 
1458 834 687 53 
1459 456 
1461 1200 203 209 340 240 242 
1462 908 400 942 944 947 1472 709 1356 862 996 1013 
1464 398 
1466 930 1359 
1467 266 655 209 1009 212 
1468 419 
1469 808 7 1200 1329 53 799 
1470 1377 
1471 804 776 
1472 896 1249 1420 
1473 266 908 
1474 1417 1425 
1475 1065 
1476 1379 16 1011 
1477 584 505 
1478 1380 1369 
1480 1062 529 
1481 275 202 1323 
1482 1018 1105 
1483 234 217 
1484 36 655 408 702 
1485 302 437 448 1109 1128 
1487 1229 441 
1489 771 899 1415 1135 
1490 240 242 
1491 310 1014 
1493 270 91 
1494 1037 439 376 
1495 452 663 126 
1496 432 319 
1498 91 420 
1499 323 805 777 266 9 1388 248 441 1438 799 
